6.554,86.452,0.000
4.926,86.517,0.000
3.220,86.580,0.000
1.517,86.618,0.000
-0.182,86.628,0.000
-1.878,86.612,0.000
-3.573,86.569,0.000
-5.268,86.500,0.000
-6.964,86.404,0.000
-8.663,86.281,0.000
-10.365,86.132,0.000
-12.073,85.956,0.000
-13.786,85.752,0.000
-15.506,85.521,0.000
-17.235,85.263,0.000
-18.973,84.976,0.000
-20.720,84.660,0.000
-22.479,84.316,0.000
-24.250,83.942,0.000
-26.033,83.539,0.000
-27.831,83.105,0.000
-29.643,82.640,0.000
-31.470,82.144,0.000
-33.314,81.616,0.000
-35.174,81.055,0.000
-37.053,80.461,0.000
-38.950,79.834,0.000
-40.866,79.172,0.000
-42.802,78.475,0.000
-44.759,77.743,0.000
-46.736,76.974,0.000
-48.736,76.169,0.000
-50.757,75.326,0.000
-52.800,74.446,0.000
-54.866,73.528,0.000
-56.954,72.570,0.000
-59.065,71.574,0.000
-61.199,70.538,0.000
-61.199,70.538,1.000
-59.198,71.511,1.000
-57.089,72.507,1.000
-55.000,73.467,1.000
-52.932,74.388,1.000
-50.888,75.271,1.000
-48.865,76.116,1.000
-46.865,76.923,1.000
-44.886,77.694,1.000
-42.928,78.429,1.000
-40.990,79.128,1.000
-39.073,79.792,1.000
-37.175,80.422,1.000
-35.295,81.018,1.000
-33.433,81.581,1.000
-31.588,82.111,1.000
-29.760,82.609,1.000
-27.947,83.076,1.000
-26.149,83.512,1.000
-24.364,83.917,1.000
-22.593,84.293,1.000
-20.833,84.639,1.000
-19.085,84.956,1.000
-17.347,85.245,1.000
-15.618,85.506,1.000
-13.897,85.738,1.000
-12.183,85.944,1.000
-10.475,86.122,1.000
-8.773,86.273,1.000
-7.074,86.397,1.000
-5.377,86.494,1.000
-3.683,86.565,1.000
-1.988,86.610,1.000
-0.292,86.628,1.000
1.407,86.619,1.000
3.110,86.583,1.000
4.819,86.521,1.000
6.535,86.431,2.000
6.656,85.899,2.000
6.737,85.354,2.000
6.826,84.807,2.000
6.926,84.259,2.000
7.035,83.710,2.000
7.155,83.159,2.000
7.285,82.607,2.000
7.426,82.053,2.000
7.577,81.498,2.000
7.740,80.941,2.000
7.913,80.381,2.000
8.097,79.820,2.000
8.292,79.257,2.000
8.498,78.691,2.000
8.717,78.123,2.000
8.946,77.552,2.000
9.188,76.979,2.000
9.442,76.402,2.000
9.709,75.823,2.000
9.988,75.240,2.000
10.280,74.653,2.000
10.586,74.062,2.000
10.906,73.468,2.000
11.239,72.869,2.000
11.588,72.266,2.000
11.951,71.657,2.000
12.330,71.044,2.000
12.726,70.424,2.000
13.138,69.799,2.000
13.568,69.167,2.000
14.017,68.528,2.000
14.484,67.882,2.000
14.972,67.227,2.000
15.482,66.564,2.000
16.014,65.891,2.000
16.571,65.208,2.000
17.153,64.513,2.000
16.478,64.330,3.000
14.468,64.625,3.000
12.501,64.893,3.000
10.586,65.117,3.000
8.717,65.300,3.000
6.888,65.444,3.000
5.096,65.553,3.000
3.335,65.628,3.000
1.601,65.672,3.000
-0.106,65.685,3.000
-1.792,65.668,3.000
-3.457,65.624,3.000
-5.103,65.553,3.000
-6.733,65.455,3.000
-8.348,65.332,3.000
-9.948,65.183,3.000
-11.536,65.010,3.000
-13.113,64.814,3.000
-14.679,64.594,3.000
-16.235,64.350,3.000
-17.781,64.084,3.000
-19.320,63.796,3.000
-20.850,63.485,3.000
-22.373,63.153,3.000
-23.889,62.799,3.000
-25.398,62.424,3.000
-26.901,62.028,3.000
-28.397,61.611,3.000
-29.888,61.173,3.000
-31.372,60.715,3.000
-32.851,60.237,3.000
-34.324,59.738,3.000
-35.791,59.221,3.000
-37.252,58.683,3.000
-38.707,58.127,3.000
-40.156,57.551,3.000
-41.598,56.957,3.000
-43.034,56.344,4.000
-42.932,57.013,4.000
-42.765,57.724,4.000
-42.580,58.438,4.000
-42.378,59.153,4.000
-42.159,59.869,4.000
-41.922,60.587,4.000
-41.669,61.306,4.000
-41.398,62.027,4.000
-41.110,62.749,4.000
-40.804,63.473,4.000
-40.481,64.198,4.000
-40.141,64.924,4.000
-39.783,65.651,4.000
-39.408,66.380,4.000
-39.015,67.110,4.000
-38.604,67.842,4.000
-38.177,68.574,4.000
-37.731,69.307,4.000
-37.268,70.041,4.000
-36.788,70.776,4.000
-36.291,71.512,4.000
-35.776,72.248,4.000
-35.244,72.984,4.000
-34.694,73.721,4.000
-34.128,74.458,4.000
-33.545,75.195,4.000
-32.945,75.932,4.000
-32.328,76.668,4.000
-31.694,77.404,4.000
-31.045,78.139,4.000
-30.379,78.873,4.000
-29.697,79.606,4.000
-28.999,80.337,4.000
-28.286,81.067,4.000
-27.557,81.795,4.000
-26.813,82.521,4.000
-26.054,83.245,4.000
-25.642,83.356,5.000
-25.466,82.889,5.000
-25.321,82.363,5.000
-25.174,81.851,5.000
-25.019,81.341,5.000
-24.855,80.833,5.000
-24.682,80.325,5.000
-24.500,79.818,5.000
-24.310,79.312,5.000
-24.112,78.807,5.000
-23.905,78.302,5.000
-23.689,77.798,5.000
-23.465,77.294,5.000
-23.233,76.791,5.000
-22.992,76.288,5.000
-22.744,75.785,5.000
-22.487,75.282,5.000
-22.221,74.779,5.000
-21.948,74.276,5.000
-21.666,73.773,5.000
-21.376,73.269,5.000
-21.077,72.765,5.000
-20.771,72.260,5.000
-20.456,71.755,5.000
-20.133,71.249,5.000
-19.801,70.742,5.000
-19.461,70.234,5.000
-19.112,69.725,5.000
-18.755,69.215,5.000
-18.388,68.703,5.000
-18.014,68.190,5.000
-17.630,67.675,5.000
-17.237,67.159,5.000
-16.835,66.640,5.000
-16.424,66.120,5.000
-16.003,65.597,5.000
-15.573,65.072,5.000
-15.133,64.544,6.000
-16.301,64.918,6.000
-17.509,65.306,6.000
-18.712,65.681,6.000
-19.907,66.043,6.000
-21.097,66.391,6.000
-22.281,66.726,6.000
-23.462,67.049,6.000
-24.639,67.358,6.000
-25.814,67.655,6.000
-26.988,67.939,6.000
-28.162,68.210,6.000
-29.336,68.468,6.000
-30.511,68.714,6.000
-31.688,68.947,6.000
-32.868,69.168,6.000
-34.051,69.375,6.000
-35.239,69.569,6.000
-36.432,69.750,6.000
-37.632,69.917,6.000
-38.839,70.070,6.000
-40.053,70.209,6.000
-41.277,70.333,6.000
-42.511,70.443,6.000
-43.755,70.537,6.000
-45.012,70.615,6.000
-46.282,70.677,6.000
-47.566,70.723,6.000
-48.866,70.750,6.000
-50.182,70.760,6.000
-51.518,70.750,6.000
-52.873,70.721,6.000
-54.249,70.671,6.000
-55.649,70.600,6.000
-57.075,70.505,6.000
-58.527,70.387,6.000
-60.009,70.244,6.000
-61.524,70.073,6.000
-62.035,69.835,7.000
-61.660,69.485,7.000
-61.175,69.133,7.000
-60.699,68.791,7.000
-60.220,68.448,7.000
-59.740,68.105,7.000
-59.258,67.760,7.000
-58.774,67.414,7.000
-58.289,67.067,7.000
-57.801,66.719,7.000
-57.311,66.370,7.000
-56.820,66.019,7.000
-56.326,65.667,7.000
-55.830,65.314,7.000
-55.332,64.959,7.000
-54.831,64.603,7.000
-54.329,64.246,7.000
-53.823,63.887,7.000
-53.316,63.527,7.000
-52.806,63.165,7.000
-52.293,62.802,7.000
-51.777,62.437,7.000
-51.259,62.070,7.000
-50.738,61.702,7.000
-50.214,61.332,7.000
-49.687,60.960,7.000
-49.158,60.586,7.000
-48.624,60.210,7.000
-48.088,59.833,7.000
-47.548,59.453,7.000
-47.005,59.071,7.000
-46.459,58.688,7.000
-45.909,58.302,7.000
-45.355,57.914,7.000
-44.797,57.523,7.000
-44.235,57.130,7.000
-43.669,56.735,7.000
-43.099,56.337,8.000
